Episode finished: False
Track: [ 13.3703 200.      87.4013  47.4367  37.3247  33.7599  32.1321  30.836
  29.9751  29.1631  28.3961  27.6704  26.7179  25.7112  24.0264  21.2821
  17.9728  14.853    9.3143]
Episode finished: False
Track: [ 10.5436  22.6479  35.099   58.7245  99.1712 151.528  200.     200.
 200.     200.     200.     200.     200.     198.714  117.398   64.6436
  37.1036  23.4397  10.6707]
Episode finished: False
Track: [ 13.3777  200.       93.1553   48.774    38.0326   34.2907   32.5895
  31.2385   30.3428   29.4993   28.7035   27.9515   26.966    25.926
  24.1897   21.372    17.9914   14.8472    9.30469]
Episode finished: False
Track: [ 10.6162  23.0872  36.1963  61.8959 108.59   174.683  200.     200.
 200.     200.     200.     200.     200.     169.284  106.464   61.1907
  35.9505  22.9863  10.597 ]
Episode finished: False
Track: [ 13.4867  200.       92.7034   48.4809   37.7932   34.0714   32.3797
  31.0362   30.1455   29.3068   28.5155   27.7679   26.7881   25.7543
  24.0283   21.2277   17.8682   14.752     9.26996]
Episode finished: False
Track: [ 10.6344  23.19    36.4517  62.6444 110.903  180.722  200.     200.
 200.     200.     200.     200.     200.     163.968  104.329   60.4756
  35.7018  22.8853  10.579 ]
Episode finished: False
Track: [ 13.7579  200.       93.1558   48.1397   37.4186   33.6994   32.0113
  30.6718   29.7842   28.9489   28.1611   27.4171   26.4424   25.4145
  23.6998   20.9207   17.5923   14.5259    9.17216]
Episode finished: False
Track: [ 10.6454  23.2398  36.5689  62.9748 111.907  183.356  200.     200.
 200.     200.     200.     200.     200.     161.848  103.451   60.1695
  35.5897  22.8368  10.568 ]
Episode finished: False
Track: [ 13.9941  200.       91.3262   47.3671   36.8507   33.1982   31.5397
  30.2233   29.3509   28.5297   27.7552   27.0236   26.0651   25.0541
  23.3671   20.6321   17.3548   14.3394    9.09205]
Episode finished: False
Track: [ 10.6599  23.3225  36.7763  63.5913 113.86   188.638  200.     200.
 200.     200.     200.     200.     200.     157.933  101.832   59.6158
  35.3951  22.7574  10.5539]
Episode finished: False
Track: [ 14.5107  200.       89.4721   46.1905   35.895    32.3246   30.7041
  29.4184   28.5666   27.7648   27.0088   26.2948   25.3595   24.3731
  22.7277   20.0613   16.8683   13.941     8.90566]
Episode finished: False
Track: [ 10.6836  23.4399  37.061   64.4222 116.492  195.883  200.     200.
 200.     200.     200.     200.     200.     153.154   99.8005  58.8988
  35.1338  22.6462  10.5307]
Episode finished: False
Track: [ 14.9317  200.       84.9122   44.555    34.7613   31.3471   29.7946
  28.5614   27.7437   26.9735   26.2469   25.5603   24.6604   23.7106
  22.1246   19.5504   16.461    13.624     8.76134]
Episode finished: False
Track: [ 10.6986  23.5117  37.2339  64.9265 118.106  200.     200.     200.
 200.     200.     200.     200.     200.     150.463   98.6335  58.4792
  34.9783  22.579   10.5161]
Episode finished: False
Track: [ 15.952   200.       74.8001   40.7951   32.139    29.0824   27.6857
  26.5733   25.8342   25.137    24.4783   23.8549   23.0366   22.1714
  20.7231   18.3627   15.5144   12.8844    8.41175]
Episode finished: False
Track: [ 10.754   23.8054  37.9664  67.1442 125.536  200.     200.     200.
 200.     200.     200.     200.     189.321  139.88    93.9363  56.7722
  34.3499  22.3126  10.4631]
Episode finished: False
Track: [ 16.5083  200.       70.3648   38.9988   30.8531   27.9608   26.6363
  25.5802   24.8779   24.2149   23.5881   22.9946   22.215    21.3901
  20.0076   17.7505   15.0202   12.4927    8.21643]
Episode finished: False
Track: [ 10.7619  23.8083  37.948   67.0301 125.021  200.     200.     200.
 200.     200.     200.     200.     190.624  140.55    94.2043  56.8452
  34.3613  22.3084  10.4551]
Episode finished: False
Track: [ 17.7965  200.       61.2684   35.1531   28.0709   25.525    24.3537
  23.4172   22.7932   22.2033   21.6447   21.1151   20.4183   19.6797
  18.4389   16.4046   13.9301   11.6264    7.76609]
Episode finished: False
Track: [ 10.8345  24.1624  38.8194  69.688  134.313  200.     200.     200.
 200.     200.     200.     200.     172.384  130.301   89.4205  55.0211
  33.6613  22.0001  10.3867]
Episode finished: False
Track: [ 18.4979  200.       56.9843   33.2467   26.6724   24.2945   23.1979
  22.3199   21.7344   21.1803   20.6553   20.1572   19.5013   18.8055
  17.635    15.712    13.3663   11.1759    7.52397]
Episode finished: False
Track: [ 10.8767  24.3605  39.3057  71.1915 139.807  200.     200.     200.
 200.     200.     200.     200.     164.033  125.424   87.0547  54.0856
  33.2917  21.8333  10.3474]
Episode finished: False
Track: [ 19.9252 200.      50.2373  29.8914  24.1149  22.0101  21.0367  20.256
  19.7347  19.241   18.7728  18.3282  17.7421  17.1197  16.0711  14.344
  12.2298  10.2484   6.9853]
Episode finished: False
Track: [ 10.9757  24.8168  40.4295  74.7388 153.544  200.     200.     200.
 200.     200.     200.     196.094  148.16   115.825   82.2238  52.108
  32.4891  21.4635  10.2564]
Episode finished: False
Track: [ 20.6847  200.       47.1626   28.2497   22.8346   20.8564   19.9405
  19.2057   18.7147   18.2497   17.8084   17.3893   16.8368   16.2496
  15.26     13.6285   11.6288    9.75254   6.68   ]
Episode finished: False
Track: [ 11.0288  25.0448  40.9825  76.4943 160.697  200.     200.     200.
 200.     200.     200.     185.344  141.852  111.872   80.1534  51.2227
  32.1147  21.2843  10.208 ]
Episode finished: False
Track: [ 22.3906  200.       40.5809   24.7099   20.07     18.3641   17.5723
  16.9361   16.5107   16.1072   15.7242   15.3602   14.8797   14.3688
  13.5063   12.0813   10.3293    8.68003   5.9971 ]
Episode finished: False
Track: [ 11.1675  25.6648  42.5258  81.619  183.692  200.     200.     200.
 200.     200.     199.381  161.15   127.058  102.335   75.01    48.9688
  31.1495  20.8211  10.0844]
Episode finished: False
Track: [ 23.301   200.       37.3779   22.9224   18.6577   17.0853   16.3548
  15.7674   15.3743   15.0015   14.6475   14.3108   13.8664   13.3935
  12.5948   11.2739    9.64762   8.11452   5.62108]
Episode finished: False
Track: [ 11.2401  25.9685  43.2717  84.1298 195.947  200.     200.     200.
 200.     200.     186.112  152.26   121.37    98.5401  72.8776  47.9894
  30.7107  20.6017  10.0202]
Episode finished: False
Track: [ 25.4082  200.       30.4191   19.0275   15.5808   14.2998   13.7028
  13.2219   12.8997   12.5938   12.3029   12.0261   11.6603   11.2705
  10.6112    9.51749   8.16563   6.88595   4.79626]
Episode finished: False
Track: [ 11.425    26.778    45.3228   91.4525  200.      200.      200.
 200.      200.      194.995   157.855   132.608   108.359    89.6414
  67.7395   45.5718   29.6136   20.0515    9.86077]
Episode finished: False
Track: [ 26.6695  147.074    26.6477   16.9037   13.902    12.78     12.2559
  11.8331   11.5496   11.2802   11.0239   10.7798   10.4569   10.1127
   9.52946   8.56007   7.35831   6.21725   4.34838]
Episode finished: False
Track: [ 11.5275   27.2131   46.4288   95.5569  200.      200.      200.
 200.      200.      178.373   146.632   124.489   102.774    85.705
  65.3807   44.4143   29.0679   19.769     9.77364]
Episode finished: False
Track: [29.1718  91.0804  20.0088  12.918   10.6835   9.84212  9.4479   9.1294
  8.91552  8.71209  8.51837  8.33369  8.08921  7.82819  7.38527  6.64703
  5.72831  4.85249  3.41257]
Episode finished: False
Track: [ 11.7577  28.1678  48.8685 105.028  200.     200.     200.     200.
 186.456  151.652  127.805  110.446   92.8102  78.4993  60.9198  42.1392
  27.9567  19.1768   9.5805]
Episode finished: False
Track: [30.516   70.616   16.754   10.9051   9.04256  8.33877  8.00855  7.74155
  7.56214  7.39142  7.22877  7.07365  6.8682   6.64873  6.27602  5.65396
  4.87843  4.13768  2.91764]
Episode finished: False
Track: [ 11.895    28.758    50.4269  111.563   200.      200.      200.
 200.      167.699   138.814   118.425   103.266    87.5812   74.639
  58.4703   40.8584   27.3205   18.8348    9.46843]
Episode finished: False
Track: [33.5535  36.7428  10.1989   6.76537  5.64486  5.21796  5.017    4.85419
  4.74464  4.64027  4.54074  4.44572  4.31971  4.18492  3.95559  3.57162
  3.0908   2.62943  1.86626]
Episode finished: False
Track: [ 12.2137   30.1586   54.2468  129.265   200.      200.      200.
 164.323   136.045   116.079   101.23     89.7547   77.4704   67.0024
  53.4818   38.1633   25.9456   18.0821    9.21534]
Episode finished: False
Track: [35.1695  23.7743   7.00877  4.68755  3.92192  3.62917  3.49115  3.37924
  3.30389  3.23207  3.16354  3.09809  3.01126  2.91831  2.76004  2.49467
  2.16171  1.84154  1.31096]
Episode finished: False
Track: [ 12.3964   30.9545   56.4638  140.628   200.      200.      198.955
 146.666   123.494   106.652    93.8582   83.8111   72.8961   63.4621
  51.0922   36.8193   25.2338   17.6805    9.07296]
Episode finished: False
Track: [38.9242    2.1949    0.742317  0.506994  0.427228  0.396439  0.381867
  0.370025  0.362039  0.354417  0.347135  0.340172  0.330921  0.321003
  0.304076  0.275589  0.239658  0.204917  0.147062]
Episode finished: False
Track: [ 12.8311   32.8992   62.1202  174.661   200.      200.      148.811
 116.798   101.249    89.3597   79.9746   72.3785   63.891    56.3495
  46.1587   33.9523   23.6717   16.7811    8.74443]
Episode finished: True
Track: [-1. -1. -1. -1. -1. -1. -1. -1. -1. -1. -1. -1. -1. -1. -1. -1. -1. -1.
 -1.]
Episode finished: False
Track: [ 13.0571   33.857    64.9162  193.892   200.      187.446   133.782
 106.996    93.6155   83.2154   74.9003   68.1006   60.4282   53.5439
  44.1393   32.7173   22.962    16.3529    8.57377]
Episode finished: False
Track: [ 13.3703 200.      87.4013  47.4367  37.3247  33.7599  32.1321  30.836
  29.9751  29.1631  28.3961  27.6704  26.7179  25.7112  24.0264  21.2821
  17.9728  14.853    9.3143]
Episode finished: False
Track: [ 10.5436  22.6479  35.099   58.7245  99.1712 151.528  200.     200.
 200.     200.     200.     200.     200.     198.714  117.398   64.6436
  37.1036  23.4397  10.6707]
Episode finished: False
Track: [ 14.9496  200.       60.2185   37.9181   31.113    28.5772   27.394
  26.4403   25.8011   25.1939   24.6165   24.0668   23.34     22.5653
  21.254    19.0767   16.3817   13.7141    8.90444]
Episode finished: False
Track: [ 10.9547  25.0869  41.4132  78.8154 173.596  200.     200.     200.
 200.     200.     200.     170.302  133.202  106.665   77.6883  50.4116
  31.9341  21.293   10.2835]
Episode finished: False
Track: [ 16.3814  154.992    48.8575   32.9988   27.7008   25.6662   24.7052
  23.9252   23.3996   22.8984   22.4198   21.9625   21.3553   20.705
  19.5964   17.7345   15.3819   12.9843    8.63286]
Episode finished: False
Track: [ 11.2075  26.6747  45.9319  96.786  200.     200.     200.     200.
 200.     169.376  141.301  121.217  101.111   85.0111  65.4938  44.9524
  29.6477  20.2609  10.0758]
Episode finished: False
Track: [18.4429  96.6239  40.3984  28.7122  24.5393  22.8983  22.1157  21.4768
 21.0445  20.6308  20.2346  19.8548  19.3487  18.8045  17.8714  16.2889
 14.2445  12.13     8.27036]
Episode finished: False
Track: [ 12.0835   33.0146   68.3742  200.      200.      137.492   108.974
  92.2473   83.1394   75.6737   69.4431   64.165    58.0007   52.2713
  44.1228   33.6915   24.2801   17.622     9.48256]
Episode finished: False
Track: [19.7368  79.8722  36.7985  26.7326  23.0334  21.5632  20.8589  20.2824
 19.8916  19.517   19.1577  18.8127  18.3525  17.8565  17.0038  15.5512
 13.6513  11.6775   8.06574]
Episode finished: False
Track: [ 12.7249   38.7194   97.6523  200.      120.57     84.0457   72.3723
  64.539    59.9125   55.909    52.4107   49.3279   45.5804   41.9461
  36.5078   29.0401   21.7601   16.2661    9.13735]
Episode finished: False
Track: [20.3406  82.2085  36.3949  26.1945  22.4915  21.0264  20.3258  19.7531
 19.3652  18.9936  18.6374  18.2956  17.84    17.3493  16.5068  15.0743
 13.2229  11.3118   7.82468]
Episode finished: False
Track: [ 14.379    59.7444  200.       93.0402   55.0718   45.7755   42.0053
  39.1874   37.3987   35.7688   34.2776   32.9081   31.1687   29.3983
  26.5814   22.3465   17.7462   13.9177    8.44518]
Episode finished: False
Track: [20.6447  84.4738  36.2747  25.9305  22.2087  20.7411  20.0403  19.4679
 19.0803  18.7093  18.3538  18.0129  17.5586  17.0697  16.2309  14.8067
 12.9769  11.0985   7.67789]
Episode finished: False
Track: [ 15.5421   84.8572  200.       60.6964   41.651    36.0329   33.6233
  31.7694   30.5683   29.4569   28.4255   27.466    26.2297   24.9509
  22.8721   19.6408   15.9788   12.8042    8.07005]
Episode finished: False
Track: [ 18.2124  200.       51.9185   32.3176   26.4239   24.2379   23.2198
  22.4001   21.8511   21.33     20.8347   20.3634   19.7407   19.0775
  17.956    16.0971   13.8017   11.6115    7.72658]
Episode finished: False
Track: [ 17.2793  151.417    98.9277   42.9165   32.1152   28.5505   26.9618
  25.7139   24.8932   24.1251   23.4046   22.7277   21.8458   20.9219
  19.3943   16.9542   14.0882   11.5137    7.52874]
Episode finished: False
Track: [ 17.0918  200.       71.0067   38.3317   30.1192   27.2292   25.9104
  24.8608   24.1639   23.5067   22.8859   22.2988   21.5284   20.7142
  19.3523   17.135    14.4635   12.0001    7.80236]
Episode finished: False
Track: [ 18.3503  200.       73.1918   36.7579   28.3788   25.4978   24.1945
  23.1623   22.4793   21.8371   21.2321   20.6613   19.9142   19.1274
  17.8169   15.6987   13.1712   10.8642    7.23303]
Episode finished: False
Track: [25.2831  58.0699  28.1081  20.6699  17.8921  16.7814  16.248   15.8107
 15.5139  15.2292  14.9559  14.6933  14.3426  13.9642  13.3127  12.1999
 10.7666   9.31478  6.67194]
Episode finished: False
Track: [ 23.6324  103.458    32.9411   22.2828   18.7151   17.344    16.6962
  16.1703   15.816    15.478    15.1552   14.8468   14.4373   13.9985
  13.2506   11.994    10.4129    8.88807   6.35446]
Episode finished: False
Track: [35.5609  30.5891  19.238   15.3139  13.6874  13.0097  12.6784  12.404
 12.2162  12.035   11.8599  11.6908  11.4633  11.216   10.7855  10.0358
  9.02621  7.96748  6.03078]
Episode finished: False
Track: [27.9707  51.1293  24.198   17.6943  15.2835  14.3222  13.8611  13.4834
 13.2271  12.9814  12.7456  12.5192  12.2169  11.8909  11.33    10.3732
  9.14296  7.92931  5.87592]
Episode finished: False
Track: [66.198   17.1444  12.417   10.4515   9.57627  9.20037  9.01415  8.85868
  8.75168  8.64788  8.54715  8.44932  8.31667  8.17087  7.91313  7.45269
  6.82062  6.15211  4.95538]
Episode finished: False
Track: [52.2093  18.5098  12.6671  10.4118   9.43729  9.02413  8.82063  8.6513
  8.53505  8.42252  8.31353  8.20795  8.06558  7.91022  7.63838  7.16109
  6.52211  5.86523  4.75202]
Episode finished: False
Track: [108.553    13.0428    9.88996   8.49842   7.86284   7.58676   7.44874
   7.33269   7.25239   7.17415   7.09792   7.02363   6.92278   6.81184
   6.61548   6.26389   5.77973   5.26665   4.3725 ]
Episode finished: False
Track: [90.6678  12.5991   9.37253  7.98332  7.35553  7.08418  6.94938  6.83665
  6.75895  6.6835   6.61021  6.53901  6.44268  6.33714  6.15145  5.82232
  5.37604  4.9123   4.15498]
Episode finished: False
Track: [37.307    6.15486  5.13339  4.61467  4.36253  4.25001  4.19332  4.1455
  4.11234  4.07996  4.04836  4.01751  3.97554  3.92926  3.84711  3.69932
  3.49515  3.28092  2.9856 ]
Episode finished: False
Track: [103.302     9.3043    6.94849   5.92906   5.46737   5.26762   5.16836
   5.08532   5.02808   4.97248   4.91847   4.86599   4.79498   4.71716
   4.58021   4.33737   4.00788   3.66538   3.10788]
Episode finished: False
Track: [13.0563   3.92813  3.36739  3.07701  2.93462  2.87087  2.8387   2.81155
  2.79271  2.77431  2.75636  2.73882  2.71497  2.68866  2.64196  2.55811
  2.44309  2.32535  2.21553]
Episode finished: False
Track: [103.619     7.78667   5.79138   4.93253   4.54446   4.37673   4.29341
   4.22373   4.1757    4.12907   4.08377   4.03976   3.98022   3.91498
   3.80022   3.5968    3.32098   3.03437   2.56626]
Episode finished: False
Track: [2.68687  0.915127 0.794338 0.731743 0.701073 0.687355 0.680443 0.67461
 0.670567 0.666618 0.662766 0.659019 0.6539   0.648285 0.638313 0.620499
 0.59639  0.572517 0.562965]
Episode finished: False
Track: [179.381     3.60127   2.77041   2.39684   2.22483   2.14986   2.11249
   2.08117   2.05955   2.03852   2.01807   1.99818   1.97123   1.94165
   1.8895    1.7967    1.67026   1.53853   1.33126]
Episode finished: True
Track: [-1. -1. -1. -1. -1. -1. -1. -1. -1. -1. -1. -1. -1. -1. -1. -1. -1. -1.
 -1.]
Episode finished: False
Track: [200.         1.70072    1.32637    1.15509    1.07562    1.04087
   1.02352    1.00896    0.998909   0.989126   0.979608   0.970344
   0.957786   0.943997   0.919656   0.876284   0.817085   0.755379
   0.660508]
Episode finished: False
Track: [ 13.3703 200.      87.4013  47.4367  37.3247  33.7599  32.1321  30.836
  29.9751  29.1631  28.3961  27.6704  26.7179  25.7112  24.0264  21.2821
  17.9728  14.853    9.3143]
Episode finished: False
Track: [ 10.5436  22.6479  35.099   58.7245  99.1712 151.528  200.     200.
 200.     200.     200.     200.     200.     198.714  117.398   64.6436
  37.1036  23.4397  10.6707]
Episode finished: False
Track: [ 12.8467  124.097   122.019    55.6331   42.0493   37.5072   35.4734
  33.8717   32.8163   31.827    30.8979   30.0238   28.8835   27.6867
  25.7036   22.5243   18.7719   15.3643    9.46993]
Episode finished: False
Track: [ 11.1731  26.4789  45.3733  94.4192 200.     200.     200.     200.
 200.     177.156  146.698  125.185  103.873   86.9676  66.6622  45.511
  29.8962  20.3795  10.1038]
Episode finished: False
Track: [ 12.6905  100.932   145.045    59.6892   44.2235   39.1855   36.9507
  35.1996   34.0502   32.9759   31.9696   31.0253   29.7969   28.5119
  26.392    23.0177   19.0728   15.5382    9.51854]
Episode finished: False
Track: [ 11.6051   29.4434   54.8205  146.395   200.      200.      182.539
 140.256   120.354   105.405    93.7653   84.4467   74.1407   65.0761
  52.9635   38.6574   26.7759   18.8963    9.78814]
Episode finished: False
Track: [ 13.8471  200.       92.3141   47.818    37.1898   33.5001   31.8248
  30.4953   29.6144   28.785    28.0029   27.2642   26.2964   25.2756
  23.5725   20.8116   17.504    14.4525    9.11929]
Episode finished: False
Track: [ 10.8803  24.3675  39.3152  71.202  139.799  200.     200.     200.
 200.     200.     200.     200.     164.053  125.426   87.0458  54.0747
  33.2829  21.8267  10.3439]
Episode finished: False
Track: [ 14.7777 200.      73.4267  41.9442  33.4534  30.4061  29.005   27.885
  27.139   26.4339  25.7664  25.1336  24.3012  23.419   21.9376  19.5102
  16.5596  13.7833   8.862 ]
Episode finished: False
Track: [ 10.3529  21.4173  32.0956  50.6     77.8293 106.643  132.928  169.515
 200.     200.     200.     200.     200.     200.     174.449   78.6785
  41.2328  24.9485  10.8822]
Episode finished: False
Track: [ 12.9931  74.58   200.      69.6194  48.4936  42.1409  39.3991  37.2824
  35.9078  34.6335  33.449   32.3452  30.9207  29.4441  27.0376  23.2811
  19.0006  15.2699   9.3095]
Episode finished: False
Track: [  9.84356  19.0479   27.0391   39.1399   53.7924   66.2692   75.6492
  86.3586   96.0834  108.286   124.049   145.196   190.745   200.
 200.      141.5      53.9854   29.1492   11.5359 ]
Episode finished: False
Track: [ 12.0629   47.7214  200.      122.432    69.0092   56.6942   51.78
  48.1367   45.8373   43.7507   41.8488   40.1084   37.9061   35.6741
  32.1425   26.8781   21.2195   16.557     9.69399]
Episode finished: False
Track: [  9.57307  17.9333   24.8511   34.7574   45.9162   54.7669   61.0619
  67.9021   73.8151   80.863    89.4064   99.9768  119.825   155.028
 200.      200.       64.7402   32.0874   11.9452 ]
Episode finished: False
Track: [ 13.6983   82.2172  200.       64.5155   45.4531   39.6362   37.1132
  35.1605   33.8899   32.7104   31.6126   30.5883   29.2645   27.8902
  25.6457   22.1304   18.1073   14.586     9.04896]
Episode finished: False
Track: [  8.74373  14.8826   19.3475   24.9223   30.2705   33.9493   36.3134
  38.6763   40.5653   42.6518   44.9682   47.5545   51.726    57.501
  72.7718  155.836   189.702    48.3032   13.5945 ]
Episode finished: False
Track: [ 15.1212  159.083   101.341    47.553    36.1604   32.3207   30.5963
  29.2361   28.3389   27.4971   26.7058   25.9608   24.9879   23.966
  22.2701   19.5451   16.3191   13.398     8.61627]
Episode finished: False
Track: [  8.29893  13.4863   17.0575   21.2823   25.1084   27.6204   29.186
  30.7143   31.9108   33.2069   34.6155   36.1518   38.5521   41.7258
  49.3721   78.1733  200.       66.9897   14.791  ]
Episode finished: False
Track: [ 19.2782 187.315   45.1313  29.4261  24.4138  22.5185  21.6289  20.9095
  20.426   19.966   19.5276  19.1095  18.5556  17.9639  16.9589  15.2811
  13.1884  11.1889   7.6972]
Episode finished: False
Track: [  8.59454  15.201    20.2488   26.8771   33.6057   38.4612   41.6853
  44.9928   47.7006   50.7592   54.2414   58.2414   64.9557   74.8281
 104.725   200.      109.977    41.8054   13.4782 ]
Episode finished: False
Track: [22.3939  83.0978  33.8001  23.8848  20.3709  18.9928  18.3364  17.8008
 17.4386  17.0922  16.7604  16.4426  16.0193  15.5642  14.7846  13.4639
 11.7827  10.1408   7.20447]
Episode finished: False
Track: [  8.9399  16.9036  23.5833  33.2976  44.4563  53.4745  59.9812  67.1404
  73.4053  80.9665  90.272  102.003  124.707  167.293  200.     200.
  65.5356  33.3892  12.6647]
Episode finished: False
Track: [27.3863  49.411   25.1647  18.7545  16.3182  15.3373  14.8649  14.4771
 14.2135  13.9604  13.7171  13.4832  13.1705  12.8327  12.2501  11.2518
  9.96076  8.67876  6.37842]
Episode finished: False
Track: [  7.76592  12.7005   16.1222   20.1985   23.9171   26.3728   27.909
  29.4128   30.5931   31.8746   33.2708   34.7977   37.1921   40.3743
  48.1187   78.3119  200.       67.4623   15.5147 ]
Episode finished: False
Track: [30.6326  39.2623  21.6129  16.4689  14.4557  13.636   13.2393  12.9127
 12.6902  12.4762  12.2702  12.0718  11.806   11.5184  11.0207  10.1636
  9.047    7.93     5.92938]
Episode finished: False
Track: [  7.08763  10.7682   13.1313   15.7465   17.9599   19.3395   20.1716
  20.9643   21.5717   22.2171   22.9042   23.6369   24.7485   26.1593
  29.3068   38.6948   84.0354  182.486    18.2622 ]
Episode finished: False
Track: [ 23.2812  200.       37.0568   22.9412   18.7263   17.1665   16.4406
  15.8565   15.4654   15.0943   14.7417   14.4062   13.9632   13.4915
  12.6941   11.3736    9.74479   8.2063    5.68456]
Episode finished: False
Track: [  7.03498  11.478    14.5506   18.2014   21.5228   23.7113   25.0786
  26.4155   27.4639   28.6011   29.839    31.1914   33.3091   36.1183
  42.9285   69.1319  200.       73.577    16.6724 ]
Episode finished: False
Track: [ 20.6507  188.872    72.0851   31.9521   24.0122   21.3772   20.2005
  19.2752   18.6662   18.0958   17.5606   17.0573   16.4014   15.7137
  14.5755   12.7548   10.6117    8.68277   5.69033]
Episode finished: False
Track: [  7.1998  12.4605  16.3679  21.3512  26.2454  29.6785  31.9142  34.172
  35.9942  38.0248  40.3014  42.8715  47.0808  53.0424  69.6029 186.236
 164.007   51.8385  15.5573]
Episode finished: False
Track: [ 19.3339   90.7558  200.       48.6362   31.3557   26.6476   24.678
  23.1824   22.2225   21.3405   20.5273   19.7753   18.8128   17.8245
  16.2343   13.8009   11.0981    8.80063   5.44377]
Episode finished: False
Track: [  7.49405  14.2916   20.0657   28.5865   38.5601   46.7698   52.778
  59.4727   65.4046   72.6571   81.7257   93.3889  116.725   163.424
 200.      200.       71.2458   37.1456   14.3218 ]
Episode finished: False
Track: [ 18.6838   71.6002  200.       72.3492   39.0196   31.739    28.8736
  26.7636   25.4381   24.2395   23.1504   22.1566   20.903    19.6369
  17.6426   14.6901   11.5433    8.97084   5.36022]
Episode finished: False
Track: [  7.74882  15.6903   23.0911   35.3325   52.1125   68.44     82.1999
  99.7667  117.753   143.663   184.211   200.      200.      200.
 200.      112.895    55.0788   32.3361   13.7177 ]
Episode finished: False
Track: [ 14.169    28.4969   41.7055   63.2495   92.1806  119.686   142.387
 170.753   199.103   200.      200.      200.      200.      200.
 174.826    58.122    27.6038   16.0354    6.73908]
Episode finished: False
Track: [  9.28758  25.213    51.6962  200.      200.      177.816   139.697
 117.648   105.736    96.0219   87.9485   81.133    73.2009   65.8547
  55.4507   42.2062   30.3276   21.9644   11.784  ]
Episode finished: False
Track: [ 12.4521   21.1443   27.4477   35.295    42.7993   47.9475   51.25
  54.5461   57.178    60.0816   63.301    66.8903   72.6682   80.6438
 101.605   200.      122.72     30.0392    8.37081]
Episode finished: False
Track: [ 10.591   37.4166 143.768  198.984   91.563   72.1543  64.8415  59.5684
  56.303   53.3809  50.7507  48.3711  45.397   42.4236  37.8016  31.0928
  24.113   18.5325  10.873 ]
Episode finished: False
Track: [ 12.1955   21.2598   28.0552   36.8048   45.4901   51.6383   55.6667
  59.7553   63.0699   66.7792   70.9578   75.7004   83.5267   94.7377
 126.683   200.       83.6945   28.3863    8.73683]
Episode finished: False
Track: [ 18.8332  111.566    41.4277   28.76     24.3737   22.6679   21.858
  21.1987   20.7535   20.3281   19.9213   19.5319   19.014    18.458
  17.5074   15.9027   13.8701   11.8959    8.59555]
Episode finished: False
Track: [ 12.2725   22.102    29.7972   40.1652   51.0096   59.0439   64.4787
  70.1391   74.8388   80.2201   86.4423   93.7186  106.254   125.453
 189.878   200.       60.2637   25.5094    8.65776]
Episode finished: False
Track: [30.2441  37.3706  23.3379  18.5309  16.545   15.7186  15.3149  14.9806
 14.752   14.5313  14.3182  14.1123  13.8356  13.5347  13.0111  12.1001
 10.8959   9.6734   7.58357]
Episode finished: False
Track: [  9.76297  14.1138   16.7919   19.6358   21.9481   23.3473   24.1761
  24.9553   25.5457   26.1668   26.8209   27.5107   28.5421   29.8254
  32.5897   40.1034   65.7467  200.       14.4516 ]
Episode finished: False
Track: [24.3478  70.2702  30.077   21.4848  18.3963  17.1787  16.5975  16.1228
 15.8013  15.4937  15.1989  14.9162  14.5395  14.1341  13.4388  12.2582
 10.7508   9.27459  6.79006]
Episode finished: False
Track: [ 8.55925 11.3152  12.9332  14.5545  15.8018  16.5272  16.947   17.3349
 17.6247  17.9258  18.2387  18.5642  19.0425  19.6238  20.8267  23.7913
 31.4343  58.4257  22.2082 ]
Episode finished: False
Track: [ 21.0329  200.       45.1049   27.3875   22.2262   20.3307   19.4514
  18.745    18.2726   17.8248   17.3997   16.9957   16.4627   15.8958
  14.9393   13.3594   11.4181    9.59162   6.62693]
Episode finished: False
Track: [  6.29189   7.23797   7.84511   8.42768   8.85491   9.09486   9.23086
   9.35477   9.4462    9.54017   9.63677   9.73609   9.87992  10.0514
  10.3953   11.1831   12.8881   16.6505  129.89   ]
Episode finished: False
Track: [ 22.8843  200.       39.3985   23.7816   19.2662   17.6118   16.845
  16.2293   15.8177   15.4277   15.0576   14.7059   14.242    13.7488
  12.9171   11.5445    9.85976   8.27657   5.7097 ]
Episode finished: False
Track: [ 5.11147  5.52238  5.86202  6.19088  6.43103  6.56516  6.64089  6.70969
  6.76034  6.81228  6.86555  6.92019  6.99907  7.09277  7.27929  7.69995
  8.57764 10.3615  83.6181 ]
Episode finished: False
Track: [ 24.0657  200.       35.2343   21.4468   17.4177   15.9366   15.2493
  14.697    14.3276   13.9774   13.6449   13.3289   12.9119   12.4683
  11.7197   10.4828    8.9622    7.53091   5.2065 ]
Episode finished: False
Track: [  2.80412   3.0996    3.31467   3.52159   3.67269   3.75718   3.80494
   3.84836   3.88034   3.91316   3.94684   3.98141   4.03136   4.09077
   4.20926   4.4778    5.04443   6.22553 200.     ]
Episode finished: False
Track: [57.2937  13.3269   9.03608  7.39983  6.69619  6.39846  6.25194  6.13009
  6.04647  5.96555  5.88721  5.81133  5.70905  5.59749  5.4024   5.06019
  4.60268  4.13297  3.33556]
Episode finished: False
Track: [  1.68692   1.89966   2.04407   2.18267   2.28402   2.34079   2.37291
   2.40214   2.42369   2.44581   2.46854   2.49188   2.52563   2.56582
   2.64615   2.82906   3.21922   4.05248 200.     ]
Episode finished: False
Track: [163.3       6.27059   4.81874   4.16686   3.86687   3.73617   3.67102
   3.61642   3.57872   3.54207   3.50643   3.47176   3.42479   3.37325
   3.28236   3.12068   2.9004    2.67091   2.30928]
Episode finished: True
Track: [-1. -1. -1. -1. -1. -1. -1. -1. -1. -1. -1. -1. -1. -1. -1. -1. -1. -1.
 -1.]
Episode finished: False
Track: [85.2107    2.0324    1.44072   1.20154   1.09626   1.05127   1.02904
  1.0105    0.997745  0.985387  0.973404  0.961782  0.946089  0.928936
  0.898855  0.845832  0.774467  0.700746  0.577038]
Episode finished: False
Track: [85.2107    2.0324    1.44072   1.20154   1.09626   1.05127   1.02904
  1.0105    0.997745  0.985387  0.973404  0.961782  0.946089  0.928936
  0.898855  0.845832  0.774467  0.700746  0.577038]
Episode finished: False
Track: [ 13.3703 200.      87.4013  47.4367  37.3247  33.7599  32.1321  30.836
  29.9751  29.1631  28.3961  27.6704  26.7179  25.7112  24.0264  21.2821
  17.9728  14.853    9.3143]
Episode finished: False
Track: [ 10.5436  22.6479  35.099   58.7245  99.1712 151.528  200.     200.
 200.     200.     200.     200.     200.     198.714  117.398   64.6436
  37.1036  23.4397  10.6707]
Episode finished: False
Track: [ 12.259   82.6445 183.934   65.8793  47.678   41.9272  39.4033  37.4373
  36.1521  34.9549  33.8369  32.7906  31.4339  30.0199  27.6984  24.0322
  19.7904  16.0335   9.7122]
Episode finished: False
Track: [ 10.0921  20.3118  29.7438  45.1504  65.8836  85.6419 101.984  122.447
 142.949  171.713  200.     200.     200.     200.     200.      96.008
  45.7314  26.5962  11.1886]
Episode finished: False
Track: [ 11.7171   58.9883  200.       84.1984   56.4953   48.5547   45.1803
  42.5967   40.9288   39.3893   37.9643   36.6416   34.9415   33.1878
  30.3482   25.9606   21.0262   16.7806    9.97016]
Episode finished: False
Track: [  9.79916  18.9392   26.8601   38.8283   53.2785   65.5468   74.7483
  85.2313   94.7294  106.619   121.933   142.395   186.155   200.
 200.      144.2      54.4974   29.346    11.5897 ]
Episode finished: False
Track: [ 13.021   121.505   123.854    55.4932   41.7941   37.2349   35.1968
  33.5932   32.5373   31.5481   30.6195   29.7463   28.6077   27.4135
  25.4362   22.2705   18.5405   15.1762    9.43818]
Episode finished: False
Track: [ 10.2984  21.5554  32.6335  52.3545  82.6484 116.479  149.066  197.427
 200.     200.     200.     200.     200.     200.     152.623   74.3718
  40.2503  24.7123  10.9319]
Episode finished: False
Track: [ 14.3697  200.       76.9625   43.3677   34.4609   31.2799   29.82
  28.6544   27.8786   27.1457   26.4523   25.7954   24.9317   24.0172
  22.4827   19.9726   16.9281   14.0806    9.04626]
Episode finished: False
Track: [ 10.8165  24.5263  40.073   74.5489 155.398  200.     200.     200.
 200.     200.     200.     192.317  146.564  115.251   82.3195  52.4589
  32.8281  21.7335  10.4105]
Episode finished: False
Track: [ 18.0657  122.699    43.5669   30.0028   25.3552   23.5545   22.7009
  22.0066   21.5381   21.0906   20.6629   20.2538   19.7099   19.1264
  18.1296   16.4496   14.3259   12.1947    8.30464]
Episode finished: False
Track: [ 10.7861  24.2262  39.2009  71.4288 142.099  200.     200.     200.
 200.     200.     200.     200.     160.718  123.762   86.5113  54.0794
  33.4191  21.9657  10.4362]
Episode finished: False
Track: [21.1907  69.9255  33.9421  24.9779  21.6272  20.2869  19.643   19.1153
 18.757   18.4133  18.0834  17.7663  17.3429  16.886   16.0993  14.7553
 13.0114  11.2046   7.88324]
Episode finished: False
Track: [ 10.6875  23.6087  37.5753  66.1786 122.726  200.     200.     200.
 200.     200.     200.     200.     195.555  143.448   95.6936  57.5246
  34.692   22.4946  10.5279]
Episode finished: False
Track: [29.224   39.1777  23.9978  18.9263  16.8496  15.9886  15.5687  15.2213
 14.9838  14.7547  14.5337  14.3202  14.0334  13.7219  13.1802  12.2348
 10.948    9.59601  7.09946]
Episode finished: False
Track: [ 12.4193  36.2829  84.3342 200.     151.276   98.2076  82.7477  72.7398
  66.9612  62.0375  57.7924  54.0949  49.6538  45.4022  39.1395  30.7284
  22.7316  16.8243   9.3119]
Episode finished: False
Track: [35.9258  30.787   20.2941  16.4378  14.8028  14.1151  13.7776  13.4973
 13.3052  13.1195  12.9398  12.766   12.5319  12.2768  11.83    11.0333
  9.94298  8.79324  6.67394]
Episode finished: False
Track: [ 13.9115   53.995   200.      112.637    61.8326   50.4932   46.006
  42.6931   40.608    38.72     37.0024   35.4333   33.4516   31.4474
  28.285    23.5906   18.5708   14.4546    8.65932]
Episode finished: False
Track: [35.7732  30.4767  19.3963  15.5062  13.8847  13.2076  12.8762  12.6016
 12.4136  12.2321  12.0567  11.8871  11.6591  11.411   10.9788  10.2201
  9.18744  8.10439  6.12154]
Episode finished: False
Track: [ 17.5075  200.       80.3019   39.5051   30.3554   27.2291   25.8181
  24.702    23.9642   23.2709   22.6183   22.0029   21.1982   20.3512
  18.9423   16.6693   13.9639   11.5008    7.63431]
Episode finished: False
Track: [35.3937  30.6612  19.0364  15.0842  13.4559  12.779   12.4485  12.175
 11.9879  11.8074  11.6331  11.4647  11.2384  10.9924  10.5645   9.81936
  8.8128   7.76047  5.84099]
Episode finished: False
Track: [ 20.332   200.       45.5797   28.3852   23.2119   21.2927   20.3989
  19.6792   19.1971   18.7396   18.3046   17.8908   17.344    16.7616
  15.7767   14.1441   12.1279   10.2212    7.11042]
Episode finished: False
Track: [73.9835  15.8759  11.6458   9.85747  9.05558  8.71013  8.53878  8.39536
  8.29618  8.19963  8.10559  8.01404  7.88982  7.75327  7.51192  7.08069
  6.48872  5.8627   4.74744]
Episode finished: False
Track: [ 18.2919  162.478    90.5622   39.5661   29.649    26.3702   24.908
  23.759    23.0032   22.2956   21.6319   21.008    20.1953   19.3436
  17.9349   15.6836   13.0376   10.6592    6.97504]
Episode finished: False
Track: [156.743    11.6078    8.98079   7.791     7.23804   6.99378   6.87126
   6.7682    6.69686   6.62735   6.55958   6.49355   6.40385   6.30515
   6.13037   5.81713   5.38532   4.92757   4.14214]
Episode finished: False
Track: [ 17.0427   86.3599  200.       57.1253   38.1636   32.7586   30.4657
  28.7119   27.5803   26.5365   25.5706   24.6745   23.5233   22.3364
  20.4159   17.4518   14.123    11.2629    7.03746]
Episode finished: False
Track: [29.8245   5.63469  4.71191  4.24271  4.01455  3.91273  3.86142  3.81814
  3.78812  3.75882  3.73022  3.7023   3.66431  3.62243  3.54809  3.41437
  3.22979  3.03658  2.77796]
Episode finished: False
Track: [ 14.9389   44.4726  107.213   200.      108.034    72.7607   61.9837
  54.8798   50.7314   47.1694   44.0779   41.3697   38.0976   34.9451
  30.2657   23.9128   17.7993   13.2365    7.37791]
Episode finished: False
Track: [11.5484   3.55783  3.05087  2.7886   2.66006  2.60252  2.5735   2.54901
  2.53201  2.51541  2.49921  2.48339  2.46188  2.43816  2.39605  2.32047
  2.2169   2.11108  2.01534]
Episode finished: False
Track: [ 13.9848  35.3207  65.3761 171.     200.     200.     150.037  114.082
  97.4164  85.0048  75.4035  67.7557  59.3377  51.9683  42.1711  30.6731
  21.1836  14.9199   7.7082]
Episode finished: False
Track: [0.666636 0.309124 0.277431 0.260681 0.252449 0.248779 0.246933 0.245377
 0.244293 0.24324  0.242218 0.241226 0.239868 0.238388 0.235786 0.231209
 0.225281 0.2202   0.230927]
Episode finished: False
Track: [ 18.7603  111.535   150.568    43.6607   30.6884   26.7419   25.0319
  23.7091   22.8488   22.0503   21.3073   20.6142   19.7189   18.7896
  17.2725   14.8983   12.1835    9.80938   6.23644]
Episode finished: True
Track: [-1. -1. -1. -1. -1. -1. -1. -1. -1. -1. -1. -1. -1. -1. -1. -1. -1. -1.
 -1.]
Episode finished: False
Track: [ 24.131   200.       33.9612   21.377    17.5386   16.1085   15.4413
  14.9035   14.543    14.2006   13.875    13.565    13.1552   12.7185
  11.9791   10.7516    9.23226   7.79215   5.43735]
Episode finished: False
Track: [ 13.3703 200.      87.4013  47.4367  37.3247  33.7599  32.1321  30.836
  29.9751  29.1631  28.3961  27.6704  26.7179  25.7112  24.0264  21.2821
  17.9728  14.853    9.3143]
Episode finished: False
Track: [ 10.5436  22.6479  35.099   58.7245  99.1712 151.528  200.     200.
 200.     200.     200.     200.     200.     198.714  117.398   64.6436
  37.1036  23.4397  10.6707]
Episode finished: False
Track: [ 13.246   191.83     98.3643   50.1691   38.8739   34.9717   33.2032
  31.8011   30.8728   29.9993   29.1761   28.3989   27.3814   26.3088
  24.5209   21.627    18.167    14.9666    9.34628]
Episode finished: False
Track: [ 10.5762  22.8624  35.6415  60.2947 103.78   162.601  200.     200.
 200.     200.     200.     200.     200.     182.414  111.531   62.84
  36.515   23.2136  10.6373]
Episode finished: False
Track: [ 13.2723 176.348  101.24    50.7287  39.1442  35.164   33.3638  31.9382
  30.9951  30.1083  29.273   28.4849  27.4537  26.3676  24.5589  21.6361
  18.1496  14.9425   9.3373]
Episode finished: False
Track: [ 10.5674  22.8161  35.5295  59.9785 102.856  160.36   200.     200.
 200.     200.     200.     200.     200.     185.312  112.615   63.1865
  36.6331  23.2615  10.6462]
Episode finished: False
Track: [ 13.6857  200.       95.3855   48.7478   37.7906   34.0028   32.2858
  30.9244   30.0228   29.1745   28.3749   27.6201   26.6315   25.5896
  23.8525   21.0401   17.6769   14.5847    9.19671]
Episode finished: False
Track: [ 11.3935   27.9522   49.8817  116.059   200.      200.      200.
 188.66    154.404   130.685   113.29     99.9885   85.8827   73.9703
  58.7287   41.6544   28.1816   19.5774    9.93674]
Episode finished: False
Track: [ 14.0218 200.      89.9781  47.02    36.6477  33.0365  31.3953  30.0919
  29.2279  28.4142  27.6467  26.9216  25.9712  24.9684  23.2944  20.5782
  17.3204  14.3191   9.0894]
Episode finished: False
Track: [ 12.055    32.9135   68.0893  200.      200.      138.408   109.598
  92.7245   83.5447   76.0239   69.7503   64.4377   58.2355   52.473
  44.2812   33.8008   24.3511   17.6695    9.50502]
Episode finished: False
Track: [ 16.1907  200.       58.1436   36.1242   29.5192   27.0714   25.9317
  25.0142   24.3998   23.8166   23.2625   22.7351   22.0385   21.2967
  20.0424   17.9641   15.3986   12.9448    8.54833]
Episode finished: False
Track: [ 11.8284   30.4414   57.7697  165.603   200.      200.      158.782
 125.452   109.104    96.5313   86.563    78.4661   69.3885   61.2956
  50.3189   37.1089   25.9304   18.4107    9.61339]
Episode finished: False
Track: [ 17.8354 164.19    46.903   31.2326  26.0932  24.1318  23.2078  22.459
  21.955   21.4747  21.0165  20.5791  19.9988  19.3779  18.3211  16.5506
  14.3314  12.1584   8.2189]
Episode finished: False
Track: [ 11.5782   28.3659   50.5344  116.991   200.      200.      200.
 188.15    153.573   129.74    112.318    99.0274   84.9635   73.1104
  57.9767   41.0659   27.7536   19.2666    9.77026]
Episode finished: False
Track: [22.8408  64.0431  31.4785  23.2399  20.1472  18.9081  18.3125  17.824
 17.4924  17.1741  16.8685  16.5748  16.1824  15.759   15.0295  13.7823
 12.1703  10.5128   7.47161]
Episode finished: False
Track: [ 13.3054  43.2915 128.127  200.      91.1151  68.2177  60.1695  54.5472
  51.1387  48.1345  45.467   43.0827  40.141   37.2416  32.815   26.5582
  20.2513  15.3502   8.8092]
Episode finished: False
Track: [26.7936  46.0499  25.9949  19.9604  17.5748  16.5996  16.1268  15.7371
 15.4714  15.2158  14.9695  14.7323  14.4142  14.0697  13.473   12.4435
 11.0846   9.66585  7.05551]
Episode finished: False
Track: [ 14.7491  63.9161 200.      83.8326  51.3811  43.0837  39.6773  37.1155
  35.4823  33.9893  32.6192  31.3576  29.7505  28.1093  25.4866  21.517
  17.1684  13.5203   8.2627]
Episode finished: False
Track: [47.8125  23.5256  16.4286  13.6156  12.3872  11.864   11.6058  11.3907
 11.2429  11.0998  10.961   10.8265  10.645   10.4461  10.0946   9.46653
  8.60456  7.69246  6.02626]
Episode finished: False
Track: [ 12.7681   34.4789   70.1233  200.      200.      138.98    108.333
  90.8223   81.4285   73.8008   67.4845   62.1685   55.9998   50.3045
  42.2674   32.0846   22.9979   16.6262    8.89778]
Episode finished: False
Track: [76.9087  17.6577  13.1367  11.19    10.3102   9.92995  9.7407   9.58152
  9.47135  9.364    9.25937  9.15739  9.01892  8.86656  8.59685  8.11363
  7.44758  6.74001  5.47173]
Episode finished: False
Track: [ 11.599    25.9016   41.6689   75.0089  145.398   200.      200.
 200.      200.      200.      200.      200.      157.749   119.68
  82.4284   50.8739   31.1839   20.4028    9.64407]
Episode finished: False
Track: [52.3566  19.1319  13.1889  10.8728   9.86824  9.44164  9.23136  9.05634
  8.93613  8.81973  8.70699  8.59773  8.45037  8.2895   8.00655  7.50311
  6.81631  6.09459  4.7948 ]
Episode finished: False
Track: [ 11.0251  22.7684  34.0692  53.5762  82.106  112.071  139.208  176.667
 200.     200.     200.     200.     200.     200.     166.829   74.2551
  38.7149  23.3718  10.1725]
Episode finished: False
Track: [42.6163  22.1975  14.0768  11.239   10.0581   9.56533  9.32426  9.1245
  8.9878   8.85577  8.72823  8.60495  8.43918  8.25885  7.94473  7.39737
  6.66236  5.89725  4.52072]
Episode finished: False
Track: [ 10.7676  21.5675  31.4593  47.4598  68.6896  88.6049 104.848  124.904
 144.687  171.93   200.     200.     200.     200.     200.      92.905
  43.358   25.0198  10.4539]
Episode finished: False
Track: [32.1786  38.6673  17.4178  12.5862  10.823   10.124    9.78952  9.51593
  9.33055  9.15291  8.98259  8.81916  8.60117  8.36635  7.96298  7.2765
  6.39705  5.53203  4.0172 ]
Episode finished: False
Track: [  8.94792  14.4661   18.243    22.6862   26.6867   29.3013   30.9261
  32.5085   33.745    35.082    36.5323   38.1106   40.5696   43.8081
  51.5501   79.9704  200.       65.0064   13.8518 ]
Episode finished: False
Track: [28.7374  82.4329  21.4235  14.0929  11.7264  10.8281  10.4058  10.0639
  9.83412  9.61526  9.40662  9.20754  8.94369  8.6616   8.18209  7.38036
  6.37837  5.41889  3.81081]
Episode finished: False
Track: [  8.09691  12.0191   14.4853   17.1603   19.3802   20.7437   21.5588
  22.3301   22.9179   23.5393   24.1972   24.8949   25.9455   27.2656
  30.1583   38.3774   71.0612  200.       17.0685 ]
Episode finished: False
Track: [ 19.3938   60.7305  163.316   200.       48.6124   35.1126   30.5901
  27.4956   25.645    24.0295   22.6071   21.3452   19.8004   18.2909
  16.0109   12.8379    9.69664   7.29421   4.13694]
Episode finished: False
Track: [  8.45852  14.3406   18.5979   23.8877   28.9357   32.3927   34.6078
  36.8166   38.5789   40.5217   42.6739   45.0712   48.9252   54.2352
  68.1356  140.334   200.       50.7068   14.0362 ]
Episode finished: False
Track: [ 16.763    37.8015   61.4162  112.876   200.      200.      200.
 200.      200.      177.662   121.738    92.5977   69.3618   53.9112
  38.0434   23.9809   14.8996    9.82348   4.6835 ]
Episode finished: False
Track: [  9.15364  17.5914   24.8415   35.6855   48.6038   59.4244   67.4531
  76.5104   84.6357   94.6999  107.49    124.285   159.111   200.
 200.      164.981    59.4399   31.5878   12.3512 ]
Episode finished: False
Track: [ 12.94     20.4667   25.4971   31.2814   36.3687   39.6334   41.6387
  43.5748   45.076    46.6881   48.4235   50.2969   53.1843   56.9298
  65.6297   94.7839  200.       42.6818    7.59025]
Episode finished: False
Track: [  8.2241  14.2066  18.6394  24.279   29.8026  33.6684  36.1819  38.7171
  40.761   43.0361  45.5839  48.4562  53.1519  59.7837  78.0927 200.
 153.539   47.5596  14.1764]
Episode finished: False
Track: [ 11.5425  16.3772  19.3135  22.3889  24.8564  26.3352  27.2062  28.0215
  28.6372  29.2828  29.9605  30.6727  31.7329  33.0442  35.8397  43.2426
  66.5343 200.      10.9834]
Episode finished: False
Track: [  7.59053  12.3035   15.5386   19.3552   22.8015   25.059    26.464
  27.8339   28.9053   30.0649   31.3239   32.6955   34.8355   37.6595
  44.4364   69.632   200.       73.417    15.9302 ]
Episode finished: False
Track: [ 11.3605  17.4213  21.3471  25.7285  29.4681  31.8137  33.2339  34.5906
  35.6329  36.7429  37.9272  39.1935  41.1209  43.5779  49.1045  65.9666
 156.297   86.7961  10.3981]
Episode finished: False
Track: [  6.08665   8.59127  10.1072   11.6891   12.9538   13.7099   14.1545
  14.5703   14.8839   15.2126   15.5573   15.9192   16.4573   17.1218
  18.5347   22.2517   33.7175  126.417    23.6457 ]
Episode finished: False
Track: [ 11.6747   19.2408   24.5343   30.8953   36.7513   40.6466   43.095
  45.5004   47.3943   49.4567   51.7109   54.1847   58.082    63.2967
  76.1558  128.691   200.       39.5884    9.53047]
Episode finished: False
Track: [ 5.3215   7.08657  8.12494  9.16958  9.97628 10.4467  10.7193  10.9716
 11.1602  11.3563  11.5603  11.7727  12.0851  12.4654  13.2544  15.2104
 20.3306  39.3602  31.155  ]
Episode finished: False
Track: [ 12.6392   24.3192   34.3733   49.4435   67.4467   82.5693   93.815
 106.527   117.955   132.14    150.217   174.038   200.      200.
 200.      109.363    39.8218   21.2228    8.31614]
Episode finished: False
Track: [ 3.84968  4.76638  5.30652  5.8325   6.22582  6.45     6.57819  6.6957
  6.78286  6.87286  6.96581  7.06186  7.20181  7.37007  7.71193  8.51952
 10.3957  15.304   55.1859 ]
Episode finished: False
Track: [ 13.4999   28.997    44.9372   75.1799  126.946   193.939   200.
 200.      200.      200.      200.      200.      200.      143.081
  84.5121   46.5287   26.7042   16.8694    7.67929]
Episode finished: False
Track: [ 3.04738  3.64378  4.00415  4.3517   4.60875  4.7541   4.83682  4.9124
  4.9683   5.02588  5.0852   5.14633  5.23511  5.34139  5.55578  6.05404
  7.16827  9.82124 84.9358 ]
Episode finished: False
Track: [ 10.1996  15.4744  18.8565  22.5947  25.7547  27.7225  28.9086  30.0381
  30.9033  31.8224  32.8003  33.843   35.4239  37.429   41.8972  55.181
 118.436  130.062   12.6131]
Episode finished: False
Track: [ 1.11338  1.18248  1.24845  1.31283  1.35991  1.38619  1.40103  1.41451
  1.42442  1.43459  1.44501  1.4557   1.47112  1.48943  1.52582  1.60767
  1.77725  2.11645 11.4121 ]
Episode finished: False
Track: [ 8.71898 11.6417  13.3626  15.0964  16.4372  17.2198  17.6736  18.0938
 18.408   18.7348  19.0749  19.4291  19.9502  20.585   21.9032  25.1784
 33.8013  66.4924  20.8671 ]
Episode finished: True
Track: [-1. -1. -1. -1. -1. -1. -1. -1. -1. -1. -1. -1. -1. -1. -1. -1. -1. -1.
 -1.]
Episode finished: False
Track: [ 13.3703 200.      87.4013  47.4367  37.3247  33.7599  32.1321  30.836
  29.9751  29.1631  28.3961  27.6704  26.7179  25.7112  24.0264  21.2821
  17.9728  14.853    9.3143]
Episode finished: False
Track: [ 10.5436  22.6479  35.099   58.7245  99.1712 151.528  200.     200.
 200.     200.     200.     200.     200.     198.714  117.398   64.6436
  37.1036  23.4397  10.6707]
Episode finished: False
Track: [ 13.7322  200.       82.7282   45.7134   36.1366   32.7396   31.1848
  29.9452   29.121    28.3431   27.6077   26.9115   25.997    25.0296
  23.4087   20.763    17.5641   14.547     9.18842]
Episode finished: False
Track: [ 10.0705  20.2048  29.5113  44.6157  64.7539  83.7468  99.3113 118.621
 137.767  164.297  200.     200.     200.     200.     200.      98.4613
  46.2836  26.7811  11.2164]
Episode finished: False
Track: [ 14.2189  200.       74.3784   42.8668   34.2729   31.1786   29.7541
  28.6147   27.8553   27.1372   26.4572   25.8123   24.9636   24.0639
  22.5517   20.0714   17.0519   14.1755    9.04297]
Episode finished: False
Track: [  9.76484  18.7816   26.5388   38.1584   52.0273   63.6668   72.3164
  82.0877   90.8659  101.755   115.619   133.87    171.873   200.
 200.      153.829    55.8298   29.7279   11.6411 ]
Episode finished: False
Track: [ 12.6867   82.989   190.932    65.2403   46.8799   41.1324   38.6178
  36.6625   35.386    34.1978   33.0894   32.0529   30.7101   29.312
  27.02     23.4086   19.2428   15.5676    9.47983]
Episode finished: False
Track: [  9.60793  18.2165   25.4662   36.0584   48.2978   58.2464   65.4563
  73.4203   80.4164   88.8936   99.3773  112.674   138.667   188.361
 200.      193.663    60.6072   31.1138   11.8645 ]
Episode finished: False
Track: [ 11.8499   51.8183  200.      100.735    62.5502   52.6266   48.5332
  45.4473   43.4768   41.673    40.0159   38.4884   36.5402   34.5481
  31.3591   26.5197   21.2002   16.7233    9.84376]
Episode finished: False
Track: [  9.55926  18.0977   25.2728   35.7299   47.7749   57.5353   64.5919
  72.37     79.1887   87.4334   97.6025  110.458   135.452   182.743
 200.      199.622    61.3453   31.3656   11.9266 ]
Episode finished: False
Track: [ 13.4679  102.708   145.807    57.8411   42.5735   37.6425   35.4617
  33.7559   32.6374   31.5931   30.6158   29.6993   28.5082   27.2636
  25.2131   21.9566   18.161    14.7776    9.19182]
Episode finished: False
Track: [ 10.341   22.173   34.3065  57.2237  96.14   145.928  200.     200.
 200.     200.     200.     200.     200.     200.     121.366   66.3713
  37.9587  23.9364  10.8764]
Episode finished: False
Track: [ 15.2868  200.       74.6356   41.6325   32.9926   29.9178   28.5087
  27.3845   26.6366   25.9305   25.2627   24.6303   23.7992   22.9195
  21.4447   19.0351   16.1172   13.4086    8.69031]
Episode finished: False
Track: [ 10.978   25.9991  44.5176  92.4612 200.     200.     200.     200.
 200.     181.516  150.126  128.001  106.119   88.7884  68.0028  46.3869
  30.4524  20.7504  10.2827]
Episode finished: False
Track: [ 17.9566  200.       49.3189   31.8484   26.3415   24.2677   23.296
  22.5108   21.9837   21.4822   21.0046   20.5494   19.9467   19.3032
  18.2114   16.3914   14.1263   11.9533    8.06536]
Episode finished: False
Track: [ 10.4828  22.7791  35.6866  60.9372 106.634  170.918  200.     200.
 200.     200.     200.     200.     200.     172.954  108.393   62.1428
  36.4584  23.2938  10.7303]
Episode finished: False
Track: [ 19.6281  128.271    41.4805   28.127    23.6431   21.9179   21.1026
  20.4405   19.9942   19.5685   19.162    18.7734   18.2573   17.7044
  16.7615   15.1767   13.1815   11.2389    7.73235]
Episode finished: False
Track: [ 10.0913  20.6935  30.7785  47.9172  72.3857  97.3498 119.335  148.753
 180.565  200.     200.     200.     200.     200.     200.      84.88
  43.292   25.8871  11.1673]
Episode finished: False
Track: [ 19.7473  199.667    44.5429   28.8028   23.8328   21.9601   21.0824
  20.3731   19.8968   19.4438   19.0123   18.6009   18.0563   17.4747
  16.4877   14.8423   12.7938   10.8398    7.41314]
Episode finished: False
Track: [ 11.3707   28.528    52.3518  132.997   200.      200.      200.
 155.328   131.596   114.162   100.813    90.2661   78.7428   68.7282
  55.5191   40.1672   27.6178   19.3932    9.98013]
Episode finished: False
Track: [ 19.7366  200.       47.0225   29.4106   24.0825   22.1024   21.1795
  20.4361   19.9381   19.4652   19.0156   18.5877   18.0222   17.4198
  16.4006   14.7101   12.6205   10.6426    7.24884]
Episode finished: False
Track: [ 12.5141   37.9498   95.0286  200.      124.502    86.3687   74.2582
  66.1524   61.3727   57.2413   53.6348   50.4595   46.6029   42.8664
  37.2818   29.6261   22.1772   16.565     9.29438]
Episode finished: False
Track: [ 21.4877  200.       40.5766   25.9757   21.4247   19.7171   18.9182
  18.2732   17.8404   17.429    17.0373   16.6641   16.1703   15.6433
  14.7499   13.2628   11.4156    9.6581    6.68015]
Episode finished: False
Track: [ 13.5801   47.5294  176.417   167.224    74.99     58.8228   52.7695
  48.4175   45.7279   43.3246   41.1642   39.2119   36.7748   34.3418
  30.5664   25.101    19.4328   14.9141    8.72987]
Episode finished: False
Track: [ 22.4252  168.038    37.5699   24.2993   20.1079   18.5284   17.7881
  17.1898   16.7881   16.4059   16.0419   15.6949   15.2355   14.7449
  13.9124   12.5243   10.7961    9.14792   6.37289]
Episode finished: False
Track: [ 14.1814   53.81    200.      117.412    62.3926   50.5879   45.9624
  42.5639   40.4321   38.5065   36.7586   35.1651   33.157    31.131
  27.9445   23.2368   18.2327   14.152     8.43859]
Episode finished: False
Track: [33.7894  32.7361  18.4358  14.1458  12.4515  11.7591  11.4235  11.1469
 10.9583  10.7769  10.6022  10.4338  10.2081   9.96366  9.54033  8.81007
  7.85641  6.90018  5.22514]
Episode finished: False
Track: [ 21.638   160.923    39.129    25.539    21.1959   19.5529   18.7816
  18.1578   17.7386   17.3396   16.9594   16.5967   16.1164   15.6031
  14.7312   13.2754   11.4592    9.72338   6.86262]
Episode finished: False
Track: [45.0467  20.7732  13.481   10.855    9.75016  9.28693  9.05989  8.87153
  8.7425   8.61782  8.49727  8.38069  8.22377  8.05293  7.75495  7.23463
  6.54333  5.83789  4.60141]
Episode finished: False
Track: [30.0141  40.8636  22.2081  16.8581  14.7748  13.9282  13.5188  13.1819
 12.9525  12.7319  12.5197  12.3153  12.0416  11.7455  11.2335  10.3524
  9.20608  8.06092  6.10942]
Episode finished: False
Track: [35.593   28.3381  14.7012  11.012    9.60047  9.03074  8.75606  8.53037
  8.37692  8.2295   8.08779  7.95148  7.76915  7.57209  7.23201  6.64864
  5.8929   5.14141  3.86317]
Episode finished: False
Track: [ 22.2601  200.       42.8737   25.1951   20.2541   18.4621   17.6349
  16.9722   16.53     16.1114   15.7147   15.3382   14.8423   14.3159
  13.43     11.9732   10.1938    8.53021   5.84653]
Episode finished: False
Track: [31.0864  48.5206  17.4893  12.0762  10.215    9.49298  9.15057  8.87197
  8.68392  8.5043   8.33259  8.16828  7.94984  7.71544  7.31492  6.63947
  5.78509  4.95656  3.57321]
Episode finished: False
Track: [ 18.5624   92.8155  200.       49.9691   33.1989   28.4521   26.4429
  24.9078   23.9182   23.0059   22.1622   21.3799   20.3755   19.3406
  17.6675   15.0889   12.1983    9.71895   6.06264]
Episode finished: False
Track: [ 28.0631  200.       22.0616   12.8046   10.2575    9.33807   8.91437
   8.57528   8.34919   8.13532   7.93272   7.74054   7.48755   7.21922
   6.76803   6.02729   5.12448   4.28228   2.92674]
Episode finished: False
Track: [ 23.8778  200.       37.2684   21.8005   17.5024   15.9463   15.2285
  14.6536   14.2701   13.9072   13.5633   13.237    12.8073   12.3513
  11.5841   10.3233    8.7846    7.34718   5.03035]
Episode finished: False
Track: [ 26.6793  200.       28.7753   13.8885   10.6263    9.51783   9.01859
   8.62415   8.36363   8.11899   7.88884   7.67194   7.3885    7.09041
   6.59503   5.79717   4.84964   3.98894   2.64102]
Episode finished: False
Track: [29.7072  52.9236  20.5667  14.4014  12.2424  11.3994  10.9985  10.6718
 10.451   10.24    10.038    9.8446   9.58721  9.31071  8.8375   8.03732
  7.02135  6.0322   4.3752 ]
Episode finished: False
Track: [34.3697  29.8658   8.47207  5.6362   4.70724  4.35287  4.18597  4.05071
  3.95968  3.87294  3.7902   3.7112   3.60642  3.49432  3.30352  2.98392
  2.58342  2.19884  1.56227]
Episode finished: False
Track: [46.5782  15.6282   9.67496  7.65855  6.82888  6.48419  6.31593  6.17667
  6.08144  5.98956  5.90085  5.81517  5.70003  5.5749   5.35722  4.97878
  4.47912  3.97242  3.10613]
Episode finished: False
Track: [40.6987    8.82617   3.98469   2.88088   2.47777   2.31793   2.24144
  2.17887   2.13646   2.09583   2.05687   2.01949   1.96962   1.9159
  1.82362   1.66654   1.46529   1.26745   0.933574]
Episode finished: False
Track: [63.4071   9.45122  6.45797  5.30491  4.80708  4.59608  4.49217  4.40572
  4.34637  4.28891  4.23328  4.17938  4.10671  4.02742  3.88869  3.64514
  3.31916  2.98413  2.41617]
Episode finished: True
Track: [-1. -1. -1. -1. -1. -1. -1. -1. -1. -1. -1. -1. -1. -1. -1. -1. -1. -1.
 -1.]
Episode finished: False
Track: [39.7802  13.4237   6.24941  4.55139  3.92529  3.67614  3.55672  3.45896
  3.39265  3.32909  3.26812  3.20957  3.13144  3.04722  2.9024   2.65553
  2.33852  2.02619  1.49821]
Episode finished: False
Track: [39.7802  13.4237   6.24941  4.55139  3.92529  3.67614  3.55672  3.45896
  3.39265  3.32909  3.26812  3.20957  3.13144  3.04722  2.9024   2.65553
  2.33852  2.02619  1.49821]
Episode finished: False
Track: [ 13.3703 200.      87.4013  47.4367  37.3247  33.7599  32.1321  30.836
  29.9751  29.1631  28.3961  27.6704  26.7179  25.7112  24.0264  21.2821
  17.9728  14.853    9.3143]
Episode finished: False
Track: [ 10.5436  22.6479  35.099   58.7245  99.1712 151.528  200.     200.
 200.     200.     200.     200.     200.     198.714  117.398   64.6436
  37.1036  23.4397  10.6707]
Episode finished: False
Track: [ 12.6428  105.398   138.717    58.8793   43.876    38.9516   36.7612
  35.0426   33.9132   32.8568   31.8665   30.9365   29.7257   28.458
  26.364    23.0242   19.1091   15.586     9.54564]
Episode finished: False
Track: [ 11.1474  26.3107  44.8792  92.316  200.     200.     200.     200.
 200.     185.159  152.151  129.139  106.585   88.864   67.7736  46.0278
  30.1181  20.4808  10.1241]
Episode finished: False
Track: [ 12.3522   80.929   192.776    66.5169   47.8665   42.0172   39.4565
  37.4645   36.1638   34.953    33.8231   32.7663   31.397    29.9711
  27.6328   23.9467   19.692    15.9349    9.65463]
Episode finished: False
Track: [ 11.5574   29.0937   53.6206  138.21    200.      200.      197.52
 148.954   126.711   110.255    97.5892   87.5393   76.5174   66.9027
  54.1698   39.2975   27.0807   19.0451    9.82045]
Episode finished: False
Track: [ 13.1441  117.456   127.179    55.8137   41.8613   37.243    35.1825
  33.5631   32.4976   31.5      30.5641   29.6844   28.5381   27.3367
  25.3492   22.1719   18.436    15.072     9.34185]
Episode finished: False
Track: [ 12.1743  33.6577  71.0333 200.     200.     127.681  102.667   87.6545
  79.3718  72.5242  66.769   61.8645  56.1023  50.7133  42.9931  33.0132
  23.9143  17.4224   9.4254]
Episode finished: False
Track: [ 13.7819  171.262   101.028    49.788    38.272    34.3351   32.5578
  31.1519   30.2224   29.349    28.5267   27.7514   26.7374   25.67
  23.8944   21.0294   17.6186   14.5045    9.12866]
Episode finished: False
Track: [ 12.604    37.3027   88.8926  200.      138.726    92.4439   78.4976
  69.3537   64.0317   59.4725   55.5233   52.0697   47.9043   43.8989
  37.9671   29.9401   22.2439   16.5178    9.18707]
Episode finished: False
Track: [ 12.666    66.2178  200.       76.8844   52.0067   44.8019   41.73
  39.3741   37.8511   36.4443   35.1409   33.93     32.3723   30.764
  28.1561   24.1181   19.5645   15.6363    9.45972]
Episode finished: False
Track: [ 13.421    44.9927  144.938   200.       83.4726   63.872    56.7769
  51.7547   48.6832   45.9591   43.5269   41.3422   38.6325   35.9464
  31.8158   25.9152   19.8925   15.1598    8.77419]
Episode finished: False
Track: [ 11.9875   47.3139  200.      123.742    69.5664   57.1175   52.1541
  48.4758   46.155    44.0494   42.1306   40.375    38.1539   35.9033
  32.3434   27.0389   21.3402   16.647     9.74971]
Episode finished: False
Track: [ 13.9251   50.5144  200.      139.386    68.2839   54.4479   49.1498
  45.3      42.9035   40.7508   38.8067   37.0422   34.8297   32.6096
  29.1423   24.074    18.756    14.471     8.54367]
Episode finished: False
Track: [ 10.9517  31.3693  70.668  200.     189.727  118.216   98.4511  85.8983
  78.7348  72.6793  67.4935  63.0029  57.6412  52.5406  45.0849  35.177
  25.8677  19.0586  10.3686]
Episode finished: False
Track: [ 12.2563   31.2788   58.692   161.203   200.      200.      163.396
 127.105   109.71     96.5095   86.1503   77.8047   68.5207   60.3076
  49.2629   36.1139   25.1068   17.7633    9.23207]
Episode finished: False
Track: [ 10.4436  26.5681  49.8346 136.691  200.     200.     192.055  149.317
 128.848  113.322  101.142   91.3327  80.4231  70.7744  57.8032  42.3662
  29.4485  20.8327  10.7755]
Episode finished: False
Track: [ 11.3619   25.1382   40.0715   70.7946  132.093   200.      200.
 200.      200.      200.      200.      200.      179.672   132.519
  88.8493   53.6272   32.4211   21.0505    9.86649]
Episode finished: False
Track: [  8.98537  17.6392   25.4268   37.6626   53.242    67.2186   78.1885
  91.2308  103.581   119.81    142.082   174.542   200.      200.
 200.      125.401    54.4283   30.6017   12.5077 ]
Episode finished: False
Track: [ 10.1669  19.1635  26.675   37.5417  49.941   59.8974  67.0456  74.8765
  81.7001  89.8996  99.937  112.507  136.574  180.81   200.     200.
  58.9346  29.7579  11.2177]
Episode finished: False
Track: [  8.29963  14.7954   19.8958   26.7298   33.8317   39.063    42.5873
  46.2455   49.2734   52.7297   56.712    61.3502   69.2931   81.3436
 120.79    200.       99.1906   41.1492   13.8233 ]
Episode finished: False
Track: [  9.59162  16.9293   22.5203   29.8409   37.2478   42.5776   46.1096
  49.7271   52.6842   56.0199   59.8113   64.1585   71.4365   82.0944
 114.058   200.      101.47     38.0138   12.1782 ]
Episode finished: False
Track: [  8.90686  18.321    27.3213   42.7208   64.9363   87.8852  108.337
 136.066   166.525   200.      200.      200.      200.      200.
 200.       92.7359   47.7661   28.6834   12.4224 ]
Episode finished: False
Track: [  9.02063  15.2946   19.836    25.4792   30.8649   34.5536   36.9172
  39.2741   41.1547   43.2279   45.5247   48.0832   52.1966   57.8644
  72.7039  149.838   200.       47.8095   13.2381 ]
Episode finished: False
Track: [  9.6383  22.4515  37.7442  74.9291 185.119  200.     200.     200.
 200.     200.     195.927  162.895  131.803  108.216   81.0621  54.055
  34.9025  23.5405  11.5228]
Episode finished: False
Track: [  8.72398  14.528    18.6386   23.6376   28.2988   31.4311   33.4132
  35.3705   36.9187   38.6116   40.4705   42.5209   45.7733   50.1681
  61.2202  109.813   200.       54.375    13.8426 ]
Episode finished: False
Track: [ 13.6114   75.7241  200.       68.5389   47.307    40.997    38.284
  36.194    34.8386   33.5836   32.4183   31.3334   29.9347   28.4867
  26.1306   22.4625   18.2965   14.6777    9.26953]
Episode finished: False
Track: [  7.15316  10.1395   11.952    13.8491   15.3702   16.2814   16.8178
  17.32     17.6991   18.0966   18.5137   18.9521   19.6044   20.411
  22.1298   26.6756   40.9241  170.277    20.9542 ]
Episode finished: False
Track: [ 17.5795  200.       55.3341   33.9098   27.5949   25.2674   24.1861
  23.3167   22.735    22.1833   21.6593   21.1612   20.5035   19.8038
  18.6221   16.6678   14.2621   11.9946    8.30731]
Episode finished: False
Track: [ 6.38988  8.45027  9.66    10.8725  11.8054  12.348   12.662   12.9523
 13.1691  13.3944  13.6285  13.8721  14.2299  14.6649  15.5653  17.7847
 23.5107  43.779   28.8437 ]
Episode finished: False
Track: [ 13.9198   54.5015  200.      110.044    61.1005   50.0237   45.6247
  42.3712   40.3211   38.463    36.7713   35.2247   33.2699   31.2911
  28.1652   23.5166   18.535    14.4417    8.66666]
Episode finished: False
Track: [ 5.75055  7.92456  9.22201 10.5542  11.6031  12.2233  12.5857  12.9229
 13.1763  13.4409  13.7174  14.0066  14.4345  14.9596  16.0634  18.8889
 26.9459  68.9536  26.2744 ]
Episode finished: False
Track: [ 11.9762  30.6846  57.8816 162.136  200.     200.     162.303  127.215
 110.207   97.2171  86.9722  78.6862  69.4341  61.2187  50.1257  36.851
  25.6813  18.2001   9.48  ]
Episode finished: False
Track: [  5.53403   7.89141   9.32807  10.8382   12.054    12.7845   13.2154
  13.6192   13.9244   14.2447   14.5812   14.9352   15.4626   16.116
  17.5127   21.2359   33.1878  165.736    24.2316 ]
Episode finished: False
Track: [ 16.7385  120.592   125.836    47.5492   34.7092   30.6068   28.7993
  27.3885   26.4648   25.6033   24.7979   24.0434   23.064    22.0419
  20.3608   17.6985   14.6068   11.8611    7.66153]
Episode finished: False
Track: [ 4.36937  5.80944  6.6562   7.50735  8.16408  8.54683  8.76855  8.97368
  9.12703  9.28643  9.45223  9.62481  9.87857 10.1874  10.8277  12.4131
 16.5492  31.7454  34.2144 ]
Episode finished: False
Track: [23.5047  93.0076  32.6901  22.4727  18.9799  17.6276  16.9869  16.4658
 16.1142  15.7784  15.4576  15.1506  14.7426  14.305   13.5576  12.2983
 10.7072   9.1661   6.59569]
Episode finished: False
Track: [ 3.71323  4.759    5.37064  5.97434  6.43202  6.69545  6.84693  6.98637
  7.09015  7.19761  7.30895  7.42437  7.5932   7.79726  8.21552  9.22371
 11.6822  19.0103  43.7315 ]
Episode finished: False
Track: [36.6334  28.2747  16.8334  13.1485  11.6586  11.044   10.7449  10.4978
 10.3291  10.1665  10.0097   9.85833  9.65521  9.43477  9.05207  8.38897
  7.51766  6.63836  5.13522]
Episode finished: False
Track: [ 2.94477  4.07131  4.74479  5.43778  5.98451  6.30823  6.49751  6.6738
  6.80634  6.94478  7.08952  7.24098  7.46523  7.7406   8.3204   9.8096
 14.0973  37.4882  33.0038 ]
Episode finished: False
Track: [48.4012  18.6589  12.3289   9.9952   9.00462  8.58775  8.3831   8.21316
  8.09665  7.98401  7.87505  7.7696   7.6276   7.47287  7.20272  6.73013
  6.10067  5.45675  4.35964]
Episode finished: False
Track: [  2.66562   3.86474   4.60443   5.3917    6.0332    6.42197   6.65248
   6.86932   7.03373   7.20677   7.38911   7.58151   7.86939   8.22794
   9.00161  11.1138   18.4262  200.       29.2566 ]
Episode finished: False
Track: [33.8276  32.8982  14.5833  10.4992   9.0159   8.42897  8.14832  7.91888
  7.76344  7.61455  7.47183  7.3349   7.15233  6.95572  6.61813  6.04407
  5.30943  4.58824  3.37228]
Episode finished: False
Track: [  2.41911   4.03965   5.19116   6.59608   7.91057   8.79641   9.35797
   9.91332  10.3531   10.8346   11.364    11.9488   12.8781   14.1373
  17.3219   31.6336  200.       89.2096   23.0273 ]
Episode finished: False
Track: [ 29.0172  155.713    19.6721   12.1758    9.93805   9.10999   8.72469
   8.41463   8.20705   8.01005   7.82288   7.64482   7.40965   7.15927
   6.73606   6.03519   5.17072   4.35425   3.02384]
Episode finished: False
Track: [  2.47957   4.55996   6.2366    8.56782  11.0999   13.0409   14.3869
  15.8179   17.0294   18.4433   20.115    22.1218   25.717    31.5901
  55.2945  200.      125.006    58.1023   20.772  ]
Episode finished: False
Track: [43.8212  10.7809   5.8235   4.4127   3.86462  3.6421   3.53455  3.44605
  3.38581  3.32788  3.27215  3.2185   3.14667  3.06895  2.93461  2.70355
  2.40308  2.10312  1.59209]
Episode finished: False
Track: [  2.85902   6.43017  10.419    19.0394   38.116    76.5649  165.839
 200.      200.      200.      200.      200.      200.      200.
 148.908    93.3505   57.7935   38.0262   18.088  ]
Episode finished: False
Track: [59.5567    3.46525   2.22229   1.78156   1.59719   1.52007   1.48231
  1.45101   1.42957   1.40886   1.38886   1.36951   1.34348   1.31515
  1.26578   1.17967   1.06544   0.949071  0.750331]
Episode finished: False
Track: [  3.29156   8.55546  16.4585   49.8372  200.      200.      200.
 200.      182.421   162.383   146.321   133.16    118.281   104.904
  86.5893   64.2833   45.1774   32.2048   16.9065 ]
Episode finished: True
Track: [-1. -1. -1. -1. -1. -1. -1. -1. -1. -1. -1. -1. -1. -1. -1. -1. -1. -1.
 -1.]
Episode finished: False
Track: [  6.76143 200.      100.515    58.4507   46.8489   42.6578   40.7259
  39.1796   38.1485   37.173    36.2488   35.3721   34.2179   32.9936
  30.9346   27.5535   23.4312   19.5844   13.3908 ]
Episode finished: False
Track: [  6.76143 200.      100.515    58.4507   46.8489   42.6578   40.7259
  39.1796   38.1485   37.173    36.2488   35.3721   34.2179   32.9936
  30.9346   27.5535   23.4312   19.5844   13.3908 ]
Episode finished: False
Track: [ 13.3703 200.      87.4013  47.4367  37.3247  33.7599  32.1321  30.836
  29.9751  29.1631  28.3961  27.6704  26.7179  25.7112  24.0264  21.2821
  17.9728  14.853    9.3143]
Episode finished: False
Track: [ 10.5436  22.6479  35.099   58.7245  99.1712 151.528  200.     200.
 200.     200.     200.     200.     200.     198.714  117.398   64.6436
  37.1036  23.4397  10.6707]
Episode finished: False
Track: [ 15.0822  200.       59.259    37.4929   30.8101   28.3149   27.1497
  26.2101   25.5802   24.9816   24.4122   23.87     23.153    22.3886
  21.0939   18.9428   16.277    13.6292    8.85721]
Episode finished: False
Track: [ 10.726   23.716   37.7808  66.6635 124.076  200.     200.     200.
 200.     200.     200.     200.     192.559  141.714   94.8223  57.1391
  34.5101  22.3947  10.4903]
Episode finished: False
Track: [ 16.5858  150.669    48.1925   32.6227   27.406    25.4006   24.453
  23.6837   23.1652   22.6707   22.1985   21.7471   21.1479   20.5059
  19.4113   17.572    15.2433   12.8651    8.55402]
Episode finished: False
Track: [ 10.8151  24.231   39.1105  70.8899 139.433  200.     200.     200.
 200.     200.     200.     200.     164.384  125.806   87.397   54.3399
  33.4646  21.9527  10.4072]
Episode finished: False
Track: [18.7737  94.919   39.7875  28.2934  24.1862  22.5706  21.8     21.1709
 20.7452  20.3378  19.9476  19.5735  19.0752  18.5391  17.62    16.0611
 14.0391  11.947    8.13743]
Episode finished: False
Track: [ 10.9241  24.8267  40.6591  76.0275 160.397  200.     200.     200.
 200.     200.     200.     185.461  142.259  112.366   80.6394  51.6108
  32.3905  21.4797  10.3086]
Episode finished: False
Track: [20.1452  78.4017  36.1566  26.2726  22.6391  21.1948  20.5028  19.9365
 19.5525  19.1845  18.8314  18.4925  18.0404  17.553   16.7152  15.2878
 13.4104  11.4619   7.90637]
Episode finished: False
Track: [ 11.0013  25.2644  41.8298  80.1421 179.549  200.     200.     200.
 200.     200.     200.     164.844  129.762  104.391   76.418   49.8265
  31.668   21.157   10.2411]
Episode finished: False
Track: [ 19.5309  106.24     39.9259   27.7792   23.561    21.9188   21.1389
  20.5038   20.0748   19.6649   19.2728   18.8974   18.3981   17.8621
  16.9453   15.3969   13.4235   11.4089    7.76262]
Episode finished: False
Track: [ 10.3152  21.3132  31.9058  50.2111  77.0315 105.263  130.884  166.336
 200.     200.     200.     200.     200.     200.     177.926   79.5067
  41.5162  25.0797  10.9229]
Episode finished: False
Track: [ 19.0595  142.806    43.4035   29.1561   24.43     22.6193   21.765
  21.072    20.6052   20.1602   19.7354   19.3297   18.7912   18.2146
  17.2323   15.5841   13.5129   11.4406    7.70939]
Episode finished: False
Track: [  9.91449  19.3877   27.7452   40.6473   56.6827   70.7072   81.4832
  94.0387  105.68    120.621   140.495   168.224   200.      200.
 200.      125.125    51.4076   28.3858   11.4327 ]
Episode finished: False
Track: [24.3059  58.8436  29.348   21.7499  18.8832  17.7325  17.1789  16.7247
 16.4162  16.1201  15.8356  15.5622  15.1968  14.8023  14.1224  12.959
 11.4337   9.85482  6.98034]
Episode finished: False
Track: [ 10.9458  25.1922  41.8076  80.5254 182.914  200.     200.     200.
 200.     200.     199.947  162.177  128.271  103.549   76.0934  49.7974
  31.7302  21.2306  10.2949]
Episode finished: False
Track: [29.0269  41.0843  23.7523  18.3761  16.2296  15.3486  14.9208  14.5678
 14.327   14.0952  13.8717  13.6562  13.3672  13.0539  12.5108  11.5683
 10.2959   8.97051  6.54738]
Episode finished: False
Track: [ 11.8771   31.6534   63.116   200.      200.      165.028   125.783
 104.132    92.7377   83.597    76.1018   69.845    62.6426   56.0477
  46.8291   35.2951   25.1376   18.0893    9.61913]
Episode finished: False
Track: [61.016   19.5998  14.1831  11.9335  10.9322  10.5014  10.2862  10.1053
  9.98026  9.85849  9.73993  9.62446  9.46781  9.29564  8.99137  8.44788
  7.70216  6.91346  5.48543]
Episode finished: False
Track: [ 11.9737   31.4557   61.4273  198.507   200.      183.676   135.799
 110.592    97.654    87.4317   79.1523   72.3103   64.5116   57.442
  47.6724   35.6301   25.1877   18.0294    9.51794]
Episode finished: False
Track: [136.092    14.2808   11.0251    9.55092   8.85483   8.54692   8.39242
   8.26241   8.17241   8.08469   7.99918   7.91582   7.80261   7.678
   7.45729   7.06157   6.51557   5.93547   4.91683]
Episode finished: False
Track: [ 11.9228   30.6303   57.9894  164.705   200.      200.      159.62
 125.726   109.177    96.484    86.4411   78.2971   69.1811   61.0668
  50.0803   36.8877   25.7487   18.2684    9.52983]
Episode finished: False
Track: [59.6103  16.4715  11.5861   9.63118  8.77425  8.40858  8.22701  8.07487
  7.96986  7.86781  7.76858  7.67208  7.5414   7.39808  7.14556  6.69686
  6.08597  5.44549  4.29905]
Episode finished: False
Track: [ 10.3787  20.8893  30.5901  46.4367  67.7637  88.0898 104.902  125.958
 147.054  176.655  200.     200.     200.     200.     200.      93.3073
  44.4499  25.852   10.8759]
Episode finished: False
Track: [42.6213  21.3018  13.2797  10.5379   9.40611  8.9353   8.70533  8.51492
  8.3847   8.25902  8.13768  8.02042  7.86284  7.69152  7.392    6.86424
  6.15468  5.42118  4.10895]
Episode finished: False
Track: [  9.62755  17.6102   23.9953   32.8      42.2679   49.4595   54.4127
  59.6493   64.0587   69.1777   75.1921   82.3589   95.0547  115.407
 192.976   200.       74.5287   33.9007   11.967  ]
Episode finished: False
Track: [38.3904  23.1894  12.7438   9.70583  8.51767  8.03402  7.79996  7.60726
  7.47601  7.34977  7.22827  7.11125  6.9545   6.78485  6.49135  5.98595
  5.3212   4.64333  3.44552]
Episode finished: False
Track: [  7.91029  11.9505   14.5309   17.3723   19.7654   21.2515   22.1458
  22.9962   23.647    24.3376   25.0718   25.8536   27.0375   28.536
  31.8638   41.6635   86.4844  193.262    16.9141 ]
Episode finished: False
Track: [36.8573  24.6028  12.3834   9.19969  7.99471  7.51039  7.2773   7.08599
  6.956    6.83122  6.71133  6.59608  6.44201  6.27565  5.98884  5.49777
  4.86273  4.22352  3.1024 ]
Episode finished: False
Track: [  7.11937   9.96846  11.6842   13.4646   14.8806   15.7238   16.2186
  16.6805   17.0284   17.3926   17.774    18.174    18.7677   19.4991
  21.0483   25.0842   37.1841  118.902    21.7433 ]
Episode finished: False
Track: [82.1058   6.38466  4.57113  3.82842  3.49975  3.35897  3.28933  3.23122
  3.19123  3.15247  3.11487  3.07835  3.02897  2.97488  2.87973  2.71116
  2.48258  2.24438  1.83501]
Episode finished: False
Track: [  6.815   10.2005  12.3447  14.6868  16.6438  17.8519  18.5763  19.2634
  19.788   20.3436  20.9328  21.559   22.5042  23.6959  26.3232  33.9097
  65.9772 200.      19.2595]
